Dataset: Set14, scale: 4, model: edsr_v1
                PSNR                 SSIM                          
pepper          13.981695170534117   0.4062467683795345            
monarch         14.699014165016631   0.4220420430984775            
comic           11.639597533030535   0.1296938592299891            
flowers         12.891629930121812   0.21875250307488825           
face            16.213733528710407   0.4613902064713486            
bridge          12.45453513318449    0.14479446434648158           
foreman         14.166215417969887   0.4440161948568587            
baboon          15.944924687014723   0.1980031434853375            
coastguard      17.409415308150457   0.25552277051305683           
man             12.954189641668346   0.24385077361668533           
lenna           14.513450096591686   0.3651550957085213            
barbara         13.978848322743874   0.272316870505544             
ppt3            10.71959551179972    0.3371861789382926            
zebra           11.839815539433726   0.19010622071145045           
============================================================
mPSNR: 13.814761427569318, mSSIM: 0.2920769352097476
Dataset: Set5, scale: 4, model: edsr_v1
                PSNR                 SSIM                          
head            16.31507236337583    0.4696082070881369            
baby            13.748210671199965   0.4432745226011643            
woman           12.34170781264172    0.3251577001544647            
bird            14.835578270715953   0.3689980925285172            
butterfly       10.861465155804362   0.14567040024935402           
============================================================
mPSNR: 13.620406854747568, mSSIM: 0.35054178452432744
Dataset: BSD100, scale: 4, model: edsr_v1
                PSNR                 SSIM                          
130026          15.154690624900645   0.3238701497562991            
299086          21.02998868921702    0.5431055890213868            
102061          15.415558980789372   0.40633292694863515           
385039          11.278936566412492   0.2451016620247186            
295087          18.62465107590008    0.45066008077694003           
69040           19.085558470048515   0.2489745063903135            
304074          14.352112617270185   0.21944609976118487           
216081          11.843430308565281   0.26055155167775607           
97033           11.264280268687381   0.20423546321366084           
296007          20.87228251484084    0.5837743358151891            
376043          14.514375874655766   0.17835943795393097           
302008          14.339133463930779   0.5218304181449954            
123074          16.183834693612432   0.34227348976549904           
62096           12.364087561936232   0.45055759738206047           
304034          14.005728462516522   0.1718026314756186            
86016           16.084732333385002   0.13522660489758256           
45096           16.30856473532166    0.6896718051436399            
89072           13.483291087230153   0.26579659724214627           
197017          13.588298235400684   0.36343064959142857           
220075          13.087070743960947   0.2909066893986269            
148026          9.841409857413934    0.1533896858451261            
8023            18.651226250071254   0.3465935349299037            
253055          19.748190155066766   0.5355552075517427            
229036          13.267821160695025   0.1981712980283968            
69015           16.17008869509776    0.2920679019519421            
108070          15.062536682973981   0.20767908465936605           
208001          13.632014544235506   0.33465006209006787           
42049           12.389600142702639   0.49804533147575203           
189080          13.545565118755867   0.4620503130559271            
260058          19.79780553269495    0.4955107371129454            
101087          14.050590298304009   0.42104616687201707           
33039           11.697645083156614   0.05807803972267909           
101085          11.709371680588747   0.16295582696652142           
145086          12.202550730072018   0.30311797491510023           
108082          14.637620170317177   0.31305636841391365           
65033           13.857272914331418   0.16133453538258294           
160068          15.129100786020748   0.3736786437512872            
103070          16.237644769319758   0.38631837336518715           
41033           16.499292282049097   0.47773857500161715           
3096            19.969721190210677   0.7203182290539543            
38092           12.813583373637766   0.281892771113765             
210088          15.104299343828867   0.4106904792044658            
66053           13.631752302680486   0.2828843703429298            
24077           11.124362765891185   0.22248973045724305           
54082           18.47966750573287    0.3977310025675102            
41069           15.73769644532511    0.19114139866850344           
271035          13.500906449407868   0.2511540485999081            
291000          13.939084817935317   0.11192305092855075           
16077           12.87641837344841    0.24924019844913786           
167083          12.438645112902215   0.17960889939811184           
163085          19.03539851217532    0.4696469134235136            
219090          14.631574220806161   0.37717396020929034           
12084           19.42769692429691    0.3093748060561248            
167062          13.437856341183538   0.601871085229859             
19021           13.804156527401851   0.28626169631074844           
227092          20.588338033650324   0.5159660255395309            
285079          13.550590389524682   0.21648356312698738           
78004           13.617827167663473   0.28949325317319213           
37073           17.914639664091872   0.446183683387185             
21077           12.236299774067543   0.25757031488431087           
241004          16.75922723929759    0.5414853214863963            
175032          15.973747427674985   0.08647665677879082           
148089          13.837088289103743   0.15129452295702575           
236037          15.870773111868218   0.205556937297512             
143090          17.088620178763108   0.48869358331453366           
156065          15.43192357345259    0.24035401053468883           
175043          16.25937586666037    0.15928624722259271           
157055          13.892224118562      0.2895122326042642            
87046           13.13831444192729    0.254256599454204             
300091          16.720525583777984   0.4904376502306112            
126007          15.563143335917925   0.47615863384385876           
42012           14.335489185674286   0.3395644836513801            
241048          13.342654149343394   0.2025279497320738            
86000           15.451293509350455   0.3111750641057664            
55073           13.744333340356228   0.14879588466363458           
58060           14.321019190117623   0.21867516457492966           
43074           20.89831274080899    0.5991767897726306            
108005          14.941788036938227   0.22976989628624586           
14037           17.08809491917102    0.5299254889158302            
351093          13.534895933749308   0.312340562291648             
147091          14.011248550924257   0.4340634999728753            
361010          15.491369702116689   0.3809226016936335            
119082          9.762232354696888    0.16720416459515408           
85048           12.76797860944713    0.20936533637872998           
106024          15.437957692846162   0.558729277957249             
105025          14.212761239937898   0.2857790990895044            
306005          12.823633614489092   0.37320667896046256           
76053           18.6732453113837     0.33777159020461717           
159008          12.160787136670097   0.21995221771552656           
38082           16.90556278199313    0.22367692236194472           
182053          16.23027069457872    0.44370926199360544           
134035          12.09796519770224    0.12583529324533732           
253027          14.811868186592905   0.2710160517809191            
296059          16.434869385324255   0.4824018119940763            
196073          22.325950322512732   0.3574048855784975            
86068           19.530856757180274   0.2744362632987026            
223061          17.613124783628994   0.291034085289879             
170057          17.46321397314741    0.4121172904222661            
109053          17.259707576247983   0.4314395305818772            
69020           16.357330586486768   0.229666959553015             
============================================================
mPSNR: 15.194332480287342, mSSIM: 0.32931241929985
Dataset: Set14, scale: 4, model: bicubic
                PSNR                 SSIM                          
pepper          30.773997587131483   0.8338886481816632            
monarch         26.55531990359591    0.8626296321376297            
comic           21.033008201284392   0.528615503584751             
flowers         24.740013185097656   0.6855410802357977            
face            32.299052757830026   0.7833867182324599            
bridge          23.3195005332719     0.5765424162856714            
foreman         31.75587450689016    0.8968784748649584            
baboon          22.541998156841537   0.48869409714778017           
coastguard      25.225343826456857   0.4886194818173               
man             25.064983707008114   0.6679393226420292            
lenna           28.977209344497297   0.7867910403782165            
barbara         24.809941493018307   0.6676577974151245            
ppt3            22.046436348134893   0.7941178877869025            
zebra           23.453332180670063   0.6991501122885183            
============================================================
mPSNR: 25.8997151236949, mSSIM: 0.6971751580713429
Dataset: Set5, scale: 4, model: bicubic
                PSNR                 SSIM                          
head            32.35704996406086    0.78734594184033              
baby            31.774169494302846   0.8721382880879017            
woman           26.467639574186265   0.8377504912176069            
bird            30.54850173137681    0.8801580968122473            
butterfly       22.762070283199527   0.727221394748474             
============================================================
mPSNR: 28.781886209425267, mSSIM: 0.820922842541312
Dataset: BSD100, scale: 4, model: bicubic
                PSNR                 SSIM                          
130026          23.905149675030604   0.6084546336113227            
299086          30.086109748295616   0.759063769376244             
102061          23.794333341067116   0.7056473473961928            
385039          21.961592450190626   0.6134944067069609            
295087          26.488457300737277   0.6836232745038154            
69040           24.431813419956306   0.5827825087862191            
304074          24.285077867337233   0.559321763105745             
216081          23.448311477661544   0.6315585004247682            
97033           23.423491073513087   0.6178526566314393            
296007          32.47324102087851    0.8033551371242585            
376043          24.023308512441268   0.5303261072930747            
302008          27.08458359440975    0.8708369531931601            
123074          29.123604721652015   0.7980829246956187            
62096           24.14504252630185    0.7226655999390058            
304034          24.4906813918999     0.6630873770960433            
86016           21.960104212585616   0.28800527712485235           
45096           32.40050397650284    0.9150042657411778            
89072           24.93231042203178    0.6383140806849908            
197017          26.951025331877307   0.7150110237552376            
220075          24.740167484293252   0.8101292653065204            
148026          20.713810135778907   0.5633605543122073            
8023            27.186301072517168   0.7923903835450943            
253055          30.34819046610213    0.8316882315464021            
229036          21.047833989850268   0.5146887067408514            
69015           28.566046634970807   0.7178679967819467            
108070          21.872441305051456   0.49379480418418426           
208001          27.491978718478265   0.7040766730215737            
42049           26.79227698341024    0.8624658133333083            
189080          31.391684980741577   0.8239019853126731            
260058          31.70804541225056    0.7630060589117811            
101087          26.458942145441444   0.7258024114591105            
33039           19.77585752348292    0.46328575916457637           
101085          23.936525394343462   0.5357120315424222            
145086          24.397152130138604   0.6919618452213178            
108082          25.56816590593312    0.7561285680840135            
65033           23.29479542883113    0.49818545518321444           
160068          24.166927492564596   0.7055670347724848            
103070          28.550439331855184   0.7908774111535363            
41033           31.570131044246992   0.7962137486178009            
3096            33.296280161276876   0.9466256118531757            
38092           25.19782028570928    0.6599686296957971            
210088          29.001432616202855   0.8532335397170068            
66053           27.529364463340524   0.6944023070636572            
24077           22.914352445158848   0.7290813858598446            
54082           26.819708294036726   0.6270231029712454            
41069           24.165050260683792   0.44034140825762697           
271035          25.274589688542967   0.6715094281545593            
291000          21.218487203755693   0.39948246044589397           
16077           26.148484139108255   0.6823570092744983            
167083          18.500446804478443   0.39101453535052155           
163085          29.64989278079274    0.7737557520156358            
219090          24.71771712255599    0.6732725284193215            
12084           26.659414116060923   0.6483823260702729            
167062          27.061054657558795   0.820995121700373             
19021           24.836585415592992   0.6750443301818829            
227092          31.080428576871636   0.7505435180923377            
285079          23.74465671469214    0.603169800314933             
78004           24.0035797349997     0.6270097961398939            
37073           26.975161440286435   0.7172573640399887            
21077           24.180430619914567   0.6541413721643468            
241004          31.318741696248974   0.8330631040845874            
175032          20.028229149784057   0.3396955055707034            
148089          22.71746914639115    0.5044951617747356            
236037          24.62303906501374    0.5830154537221693            
143090          30.151259386148222   0.8122348540940526            
156065          23.786880166383284   0.4900744840835818            
175043          24.040832017715033   0.5736766182385645            
157055          25.23116619999969    0.714455233928207             
87046           24.499178120115342   0.7277957701718282            
300091          26.723255609411353   0.7297195722015485            
126007          26.745916378090545   0.7549930909779273            
42012           28.333817842783287   0.7880310477726021            
241048          23.54617963102349    0.5308810184152329            
86000           23.157936372041238   0.6575369432619312            
55073           21.289063043375705   0.45005261951444814           
58060           19.56853902617592    0.4893674808829391            
43074           29.78641374641856    0.846087107651313             
108005          23.89518348139813    0.6494527320027856            
14037           32.18499883043917    0.8444478079777007            
351093          21.959871818833587   0.5893100081493116            
147091          23.2665047603549     0.7304569971745473            
361010          25.429783403107677   0.7494920006082638            
119082          23.01641560063914    0.6055944106513358            
85048           24.635261526302735   0.6444415010308876            
106024          31.798540072955916   0.917454532745868             
105025          25.60122552731293    0.6689570095544668            
306005          26.517879573709834   0.7411448349092893            
76053           27.71341554573756    0.633018242358423             
159008          26.86294549500195    0.7681574106696938            
38082           26.225224972291812   0.5496968489062448            
182053          23.67131709033646    0.7229561617425201            
134035          21.817626811653177   0.6068692099032138            
253027          20.03369811306959    0.6252072570645286            
296059          30.159629504634932   0.7611593197656144            
196073          26.995587095242414   0.48232776305766367           
86068           26.182701534942595   0.4933026425810629            
223061          23.457892751927332   0.5813608313763061            
170057          28.77210810768057    0.8035711692894002            
109053          28.926117416747793   0.8028923558276261            
69020           26.63428665193002    0.534309248805478             
============================================================
mPSNR: 25.73267525469641, mSSIM: 0.6691695903566658
